1 1 1
-0.080 -0.020 -0.080
0.385 0.480 0.575
1 2 2
-0.124 0.423 0.252
0.523 0.111 0.222
1 3 1
-0.080 -0.020 -0.080
0.385 0.480 0.575
3 3 3
-0.080 -0.020 -0.080
0.385 0.480 0.575
3 3 2  
-0.163 -0.563 0.334
0.333 0.555 0.222
2 3 2
0.05 -0.020 0.05
0.25 0.480 0.71
2 2 2 2 2 2 1 3 3 1
0.05 0.05 0.05 0.05 0.05 0.05 -0.1 -0.2 -0.2 -0.1
-0.5 -0.25 0 1 1.25 1.5 0.290 0.385 0.575 0.670
1 3 3 
-0.522 -0.326 -0.622
0.279 0.352 0.635 
1 3 3 1
-0.1 -0.2 -0.2 -0.1
0.290 0.385 0.575 0.670
1 1 1 1 1
-0.020 -0.080 -0.020 -0.080 -0.020
0.290 0.385 0.480 0.575 0.670
3 2 1 1 2 3
-0.234 0.262 -0.453 -0.235 0.235 -0.754
0.352 0.175 0.335 0.663 0.211 0.434
3 3 3 3 2 2
-0.02 -0.07 -0.07 -0.02 0.05 0.05
0.385 0.385 0.575 0.575 0.2 0.76
2 2 2 2
0.25 0.05 0.35 0.15
0.1 0.2 0.8 0.7
1 3 3 2 2 1
-0.984 -0.124 -0.456 0.262 0.252 -0.124
0.321 0.435 0.324 0.888 0.987 0.523
2 2 3 1 3 2 2 
0.2 0.25 -0.3 -0.25 -0.3 0.25 0.2 
0.1 0.15 0.45 0.5 0.55 0.85 0.9 0
3 1 1 3 3 1 1 3
-0.35 -0.23 -0.16 -0.3 -0.3 -0.16 -0.23 -0.35
0.33 0.38 0.4 0.4 0.56 0.56 0.6 0.65
2 2 3 3 3 1
0.322 0.135 -0.235 -0.235 -0.654 -0.844
0.124 0.240 0.463 0.644 0.324 0.653 0.346
1 3 2 2 2 1 3
-0.236 -0.52 0.234 0.154 0.252 -0.124 -0.876
0.366 0.654 0.123 0.234 0.213 0.342 0.456
2 1 3 1 1 3 1 2 
0.25 -0.05 -0.10 -0.05 -0.05 -0.10 -0.05 0.25
0.05 0.37 0.385 0.4 0.560 0.575 0.590 0.95
1 1 1 2 2 2 3 3 3
-0.633 -0.744 -0.234 0.123 0.234 0.132 -0.456 -0.234 -0.345
0.278 0.345 0.345 0.123 0.154 0.845 0.324 0.456 0.598
3 2 1 3 2 1 3 2 
-0.325 0.456 -0.123 -0.234 0.523 -0.412 -0.212 0.321
0.623 0.090 0.645 0.598 0.789 0.363 0.700 0.243
3 1 3 1 3 1 3 1 3 1 3
-1 -0.8 -0.6 -0.4 -0.2 -0.05 -0.2 -0.4 -0.6 -0.8 -1
0.29 0.328 0.366 0.404 0.442 0.48 0.518 0.556 0.594 0.632 0.67
3 3 3 2 2 2 1 1 1 
-0.633 -0.744 -0.234 0.123 0.234 0.132 -0.456 -0.234 -0.345
0.278 0.345 0.345 0.123 0.154 0.845 0.324 0.456 0.598
1 2 1 1 3 3 3 2 1
-0.546 0.435 -0.876 -0.534 -0.234 -0.123 -0.534 0.234 -0.252
0.525 0.123 0.532 0.633 0.345 0.654 0.265 0.634 0.877 0.278
1 3 3 1 3 1 1 1 3 3 3
-1 -0.8 -0.6 -0.4 -0.2 -0.05 -0.2 -0.4 -0.6 -0.8 -1
0.404 0.594 0.518 0.29 0.67 0.442 0.366 0.48 0.556 0.328 0.632
1 2 3 1 2 3 1 2 3
-0.152 0.432 -0.875 -0.532 -0.564 0.432 -0.236 0.326 -0.734
0.523 0.987 0.479 0.364 0.222 0.856 0.366 0.178 0.435 
2 2 3 3 1 3 2 1 1 
0.232 0.532 -0.623 -0.235 -0.643 -0.522 0.654 -0.235 -0.463 
0.123 0.231 0.700 0.699 0.432 0.543 0.200 0.966 0.290 
4
0.092
0.468
4
0.092
0.364
4
0.092
0.364
